2.000000000000000888e+00
1.933489633161569632e+00
1.868789060018657411e+00
1.805815970246380742e+00
1.744500039969535177e+00
1.684783246644491639e+00
1.626620185188422774e+00
1.569978428601855214e+00
1.514838964554036327e+00
1.461196728983946258e+00
1.409061248032948743e+00
1.358457389620769673e+00
1.309426214536736133e+00
1.262025902657322840e+00
1.216332711262366750e+00
1.172441897776680841e+00
1.130468507173999715e+00
1.090547883995942824e+00
1.052835721265406699e+00
1.017507407162602462e+00
9.847563833569710212e-01
9.547912006984859978e-01
9.278309698022813023e-01
9.040989821660654346e-01
8.838144466529811449e-01
8.671825575589209301e-01
8.543834651272983471e-01
8.455610949162979395e-01
8.408130544303831222e-01
8.401829540658072304e-01
8.436562696778757697e-01
8.511603879284179719e-01
8.625688121508723327e-01
8.777088483240578221e-01
8.963716184552317223e-01
9.183230665093011780e-01
9.433147266053825142e-01
9.710933258813128077e-01
1.001408674309832936e+00
1.034019647458654489e+00
1.068698335379486331e+00
1.105232594540865421e+00
1.143427312492142800e+00
1.183104702310983747e+00
1.224103912319739695e+00
1.266280187225366838e+00
1.309503763918662411e+00
1.353658636666210224e+00
1.398641285888113650e+00
1.444359432912813990e+00
1.490730859339636005e+00
1.537682312603687151e+00
1.585148507587299083e+00
1.633071226342181603e+00
1.681398513084607416e+00
1.730083958745868067e+00
1.779086067858457021e+00
1.828367699967594628e+00
1.877895577745498645e+00
1.927639854322356516e+00
1.977573732879287505e+00
2.027673132170056292e+00
2.077916392287534553e+00
2.128284015624481107e+00
2.178758438575588929e+00
2.229323830075853774e+00
2.279965913564347968e+00
2.330671809402050432e+00
2.381429895161412347e+00
2.432229681544683331e+00
2.483061701985469494e+00
2.533917414245213440e+00
2.584789112540299527e+00
2.635669848928317904e+00
2.686553362849611659e+00
2.737434017864023961e+00
2.788306744747591104e+00
2.839166990221335229e+00
2.890010670677310323e+00
2.940834130346884123e+00
2.991634103426065838e+00
3.042407679732203274e+00
3.093152273518519291e+00
3.143865595118303435e+00
3.194545625128618394e+00
3.245190590878907599e+00
3.295798944957711196e+00
3.346369345597686618e+00
3.396900638740959710e+00
3.447391841626734177e+00
3.497842127759749786e+00
3.548250813134151915e+00
3.598617343599327167e+00
3.648941283267047364e+00
3.699222303868677564e+00
3.749460174980595362e+00
3.799654755044047150e+00
3.849805983112358998e+00
3.899913871265533682e+00
3.949978497636498886e+00
4.000000000000000000e+00
