3.999999999999995559e+00
3.842971791937089598e+00
3.691774741087362699e+00
3.546241351512973150e+00
3.406206050526216167e+00
3.271505661805825582e+00
3.141979845906068824e+00
3.017471504706380703e+00
2.897827147194861119e+00
2.782897214820352794e+00
2.672536365458499041e+00
2.566603715795275242e+00
2.464963042619741085e+00
2.367482944123220356e+00
2.274036962817151064e+00
2.184503672103134786e+00
2.098766728856458208e+00
2.016714894622705145e+00
1.938242028181775600e+00
1.863247052313403263e+00
1.791633897611863979e+00
1.723311426155240689e+00
1.658193337746288520e+00
1.596198061316666861e+00
1.537248633934451103e+00
1.481272569682554607e+00
1.428201720492555227e+00
1.377972130828249320e+00
1.330523887923270587e+00
1.285800969089787582e+00
1.243751087435594815e+00
1.204325537155366721e+00
1.167479039402054664e+00
1.133169589596145999e+00
1.101358306895083627e+00
1.072009286422268115e+00
1.045089454745206536e+00
1.020568428994301557e+00
9.984183799276565852e-01
9.786138991717656666e-01
9.611318708030056612e-01
9.459513473783716098e-01
9.330534304765975007e-01
9.224211557704740105e-01
9.140393826176864689e-01
9.078946881300496985e-01
9.039752656584421064e-01
9.022708276129184357e-01
9.027725125234787873e-01
9.054727962360802351e-01
9.103654071306710449e-01
9.174452452423954574e-01
9.267083051634679158e-01
9.381516026012851617e-01
9.517731044675303842e-01
9.675716623735415300e-01
9.855469494082560455e-01
1.005699400076975447e+00
1.028030153281557668e+00
1.052540998225157898e+00
1.079234323127799655e+00
1.108113066641999156e+00
1.139180671860819505e+00
1.172441042814163836e+00
1.207898503352031971e+00
1.245557758316926833e+00
1.285423856910416607e+00
1.327502158162156887e+00
1.371798298412483463e+00
1.418318160722457089e+00
1.467067846128230268e+00
1.518053646658981126e+00
1.571282020040522420e+00
1.626759566008877833e+00
1.684493004160817264e+00
1.744489153270444071e+00
1.806754912003289082e+00
1.871297240961701691e+00
1.938123145997011409e+00
2.007239662726910900e+00
2.078653842197418999e+00
2.152372737631826016e+00
2.228403392210483780e+00
2.306752827827162289e+00
2.387428034770146645e+00
2.470435962277247377e+00
2.555783509916990770e+00
2.643477519748569371e+00
2.733524769216386652e+00
2.825931964735713731e+00
2.920705735928357694e+00
3.017852630468606634e+00
3.117379109501606571e+00
3.219291543597701200e+00
3.323596209208270924e+00
3.430299285589884395e+00
3.539406852164973749e+00
3.650924886289323990e+00
3.764859261397473844e+00
3.881215745499039027e+00
4.000000000000005329e+00
