2.499999999999999445e-01
2.500000000000000000e-01
2.500000000000001110e-01
2.500000000000000000e-01
2.549476936351218193e-01
2.550508370088776511e-01
2.498993368046956154e-01
2.401021325513048865e-01
2.597816059346089168e-01
2.602068940665339669e-01
2.495948874117621397e-01
2.304166125870949211e-01
2.644881360833227224e-01
2.654739410931652444e-01
2.490833897434713284e-01
2.209545330800408158e-01
2.690539239182320741e-01
2.708583560865416295e-01
2.483621367234391253e-01
2.117255832717873099e-01
2.734658889349211863e-01
2.763671295766933489e-01
2.474289525168534010e-01
2.027380289715318695e-01
2.777112590519791868e-01
2.820078640241160395e-01
2.462821641288911456e-01
1.939987127950138224e-01
2.817775891202727867e-01
2.877887681221464322e-01
2.449205697514899027e-01
1.855130730060910726e-01
2.856527694837693865e-01
2.937186459368683611e-01
2.433434053233484162e-01
1.772851792560140860e-01
2.893250251983381927e-01
2.998068807601940722e-01
2.415503108012846400e-01
1.693177832401830951e-01
2.927829067886612013e-01
3.060634134640524695e-01
2.395412976370062952e-01
1.616123821102798397e-01
2.960152736677079677e-01
3.124987150274269876e-01
2.373167189171360436e-01
1.541692923877288068e-01
2.990112715572080249e-01
3.191237527660100159e-01
2.348772435616260923e-01
1.469877321151557836e-01
3.017603054325227463e-01
3.259499496300713450e-01
2.322238358919682388e-01
1.400659090454375311e-01
3.042520096741580526e-01
3.329891357545388120e-01
2.293577417806396401e-01
1.334011127906634953e-01
3.064762172449109201e-01
3.402534912520048249e-01
2.262804824804657555e-01
1.269898090226184995e-01
3.084229298306954137e-01
3.477554790414880137e-01
2.229938571090405997e-01
1.208277340187761950e-01
3.100822909884864975e-01
3.555077663119054487e-01
2.194999546289608805e-01
1.149099880706473120e-01
3.114445644395809065e-01
3.635231330399222860e-01
2.158011760174299298e-01
1.092311265030666972e-01
3.125001197317188728e-01
3.718143658299415955e-01
2.119002671546021677e-01
1.037852472837372669e-01
3.132394275682543472e-01
3.803941352352422922e-01
2.078003627726990321e-01
9.856607442380432849e-02
3.136530671620058053e-01
3.892748546725739445e-01
2.035050415894291975e-01
9.356703657599117763e-02
3.137317480073612552e-01
3.984685190803934352e-01
1.990183924901569867e-01
8.878134042208833676e-02
3.134663484639640396e-01
4.079865216195848743e-01
1.943450913132884483e-01
8.420203860316255451e-02
3.128479734913134913e-01
4.178394470045736497e-01
1.894904874222795021e-01
7.982209208183368987e-02
3.118680337436379180e-01
4.280368405143362143e-01
1.844606988063408337e-01
7.563442693568508957e-02
3.105183480012447816e-01
4.385869524001039244e-01
1.792627139341574916e-01
7.163198566449389959e-02
3.087912705475717168e-01
4.494964583109042344e-01
1.739044979889234621e-01
6.780777315260060056e-02
3.066798445673053486e-01
4.607701575254872228e-01
1.683951004441759380e-01
6.415489746303154606e-02
3.041779819077319869e-01
4.724106522248548989e-01
1.627447602130946414e-01
6.066660565431849367e-02
3.012806685847976840e-01
4.844180127616322107e-01
1.569650038463361597e-01
5.733631480723388324e-02
2.979841942084281436e-01
4.967894358543423761e-01
1.510687315068042769e-01
5.415763843042511322e-02
2.942864020456127383e-01
5.095189047967599860e-01
1.450702847722467326e-01
5.112440838538045984e-02
2.901869547546827022e-01
5.225968630253737812e-01
1.389854897828142200e-01
4.823069243712940074e-02
2.856876089607279789e-01
5.360099145860839354e-01
1.328316689501198300e-01
4.547080750306843611e-02
2.807924898877415254e-01
5.497405669921470173e-01
1.266276144758511357e-01
4.283932864426014814e-02
2.755083553462571166e-01
5.637670334341495781e-01
1.203935173919064711e-01
4.033109382768683415e-02
2.698448366648184549e-01
5.780631120255412814e-01
1.141508468194355336e-01
3.794120449020455671e-02
2.638146428519690390e-01
5.925981594739644365e-01
1.079221757136073073e-01
3.566502196045925194e-02
2.574337136038654661e-01
6.073371750163044647e-01
1.017309515325251768e-01
3.349815984730467738e-02
2.507213069480283552e-01
6.222410074689969095e-01
9.560121299963793284e-02
3.143647258333690658e-02
2.437000085181348086e-01
6.372666937618923777e-01
8.955725730207488022e-02
2.947604041789810350e-02
2.363956518003196006e-01
6.523679314338763913e-01
8.362326548640669488e-02
2.761315127939719186e-02
2.288371421867388678e-01
6.674956805414415939e-01
7.782289720945852196e-02
2.584428006236090189e-02
2.210561821958084427e-01
6.825988827228932632e-01
7.217886905402606801e-02
2.416606602727240302e-02
2.130869005088802115e-01
6.976252773865749823e-01
6.671253298868592974e-02
2.257528911585885215e-02
2.049653931379676330e-01
7.125222878713486363e-01
6.144347292505553115e-02
2.106884606562822379e-02
1.967291905903538751e-01
7.272379447002693675e-01
5.638913746783798253e-02
1.964372724153877481e-02
1.884166698046874644e-01
7.417218093706235971e-01
5.156452574446840353e-02
1.829699508022063215e-02
1.800664334000481037e-01
7.559258609686920760e-01
4.698194067169119553e-02
1.702576495956878780e-02
1.717166810057559057e-01
7.698053094763658288e-01
4.265082035073190087e-02
1.582718916714614607e-02
1.634045978885481087e-01
7.833193038537672459e-01
3.857765380278490447e-02
1.469844445489958996e-02
1.551657847257292000e-01
7.964315094429598174e-01
3.476598238018365622e-02
1.363672345112719800e-02
1.470337493520990635e-01
8.091105373027056569e-01
3.121648337231916481e-02
1.263922997287619983e-02
1.390394769745157688e-01
8.213302169606193637e-01
2.792712800159202410e-02
1.170317806327301861e-02
1.312110901629436888e-01
8.330697129242321530e-01
2.489340252579634594e-02
1.082579438702810024e-02
1.235736044062927946e-01
8.443134933641062156e-01
2.210857876191490989e-02
1.000432346768597228e-02
1.161487796639479875e-01
8.550511660681952009e-01
1.956401911722750048e-02
9.236035150629201898e-03
1.089550635719964411e-01
8.652772016802282584e-01
1.724950111893461258e-02
8.518233628840824953e-03
1.020076180819535078e-01
8.749905672213394991e-01
1.515354732582720361e-02
7.848267370879777327e-03
9.531841849050207149e-02
8.841942940113660665e-01
1.326374816318666439e-02
7.223539334944929606e-03
8.889641210244754455e-02
8.928950035801791474e-01
1.156706738829794447e-02
6.641516929075137222e-03
8.274772308711644819e-02
9.011024133261411606e-01
1.005012231259844874e-02
6.099741274143875673e-03
7.687589029343937230e-02
9.088288409238584054e-01
8.699433350292983327e-03
5.595835432409270241e-03
7.128212568749008049e-02
9.160887231903678263e-01
7.501639751654919780e-03
5.127511370487139626e-03
6.596558245998283831e-02
9.228981616298379542e-01
6.443680385862838450e-03
4.692575524316171254e-03
6.092362352100969686e-02
9.292745034688433270e-01
5.512940090238324653e-03
4.288932919908592517e-03
5.615208288235852552e-02
9.352359638691510879e-01
4.697363373928231667e-03
3.914589874562003115e-03
5.164551418624340612e-02
9.408012922912970533e-01
3.985538164655950608e-03
3.567655357803670678e-03
4.739742227357399140e-02
9.459894837434494885e-01
3.366752852820482401e-03
3.246341130156149557e-03
4.340047513084094311e-02
9.508195338982763367e-01
2.831030168489798073e-03
2.948960802393034430e-03
3.964669477906714729e-02
9.553102357699920777e-01
2.369141480532532991e-03
2.673927970408321395e-03
3.612762666199729328e-02
9.594800147648013811e-01
1.972604989674645384e-03
2.419753583526509846e-03
3.283448786235808325e-02
9.633467983879284713e-01
1.633671050336509218e-03
2.185042699376849289e-03
2.975829504467921230e-02
9.669279166427545702e-01
1.345297544061876786e-03
1.968490768504442632e-03
2.688997341737395588e-02
9.702400291278248101e-01
1.101117876243611288e-03
1.768879578557795750e-03
2.422044825455042794e-02
9.732990749673382513e-01
8.954038054056140741e-04
1.585072972705824177e-03
2.174072064813920360e-02
9.761202419501000538e-01
7.230249606697362061e-04
1.416012441091204057e-03
1.944192919999787952e-02
9.787179515596707846e-01
5.794065718279240709e-04
1.260712668503538971e-03
1.731539933519253907e-02
9.811058569221496883e-01
4.604866359877127658e-04
1.118257106669910640e-03
1.535268184157872681e-02
9.832968510531708839e-01
3.626734792484421891e-04
9.877936260019263420e-04
1.354558213332500774e-02
9.853030831346630825e-01
2.828044424866268730e-04
8.685302895253603451e-04
1.188618161009429193e-02
9.871359808826543070e-01
2.181062261175340411e-04
7.597312811337531393e-04
1.036685234900575590e-02
9.888062773724086707e-01
1.661572673450507486e-04
6.607130112406503931e-04
8.980266230559870444e-03
9.903240409623758067e-01
1.248523917830403394e-04
5.708404152812153161e-04
7.719399467548729819e-03
9.916987072022978023e-01
9.236987593569227512e-05
4.895234542175427644e-04
6.577533381061565973e-03
9.929391118235522118e-01
6.714097429025755927e-05
4.162138210961084444e-04
5.548252152129896399e-03
9.940535240929635474e-01
4.782190126099880963e-05
3.504018536455156792e-04
4.625438172479493307e-03
9.950496799670296433e-01
3.326821074680465847e-05
2.916136497441735318e-04
3.803265523649956847e-03
9.959348146143995884e-01
2.251148175651745566e-05
2.394083801940577775e-04
3.076192030282233481e-03
9.967156939833279328e-01
1.473819490700102579e-05
1.933757914830382596e-04
2.438950260178180708e-03
9.973986451803897868e-01
9.270669440088078004e-06
1.531338899919671261e-04
1.886537780126075915e-03
9.979895854996641003e-01
5.549921905012146615e-06
1.183267983048654414e-04
1.414206921628828910e-03
9.984940500002646990e-01
3.120304280625559107e-06
8.862277382599678991e-05
1.017454263714056770e-03
9.989172175767537798e-01
1.615779808283438901e-06
6.371237972362221800e-05
6.920100000746187609e-04
9.992639355035339843e-01
7.476981457638329236e-07
4.330679824560554938e-05
4.338273240403266000e-04
9.995387424625095107e-01
2.939368139268869024e-07
2.713627663624354407e-05
2.390719365414521529e-04
9.997458900846362129e-01
8.928263731202488803e-08
1.494869618489608997e-05
1.041117585571398919e-04
9.998893630516529907e-01
1.693446843030879271e-08
6.508255321437134262e-06
2.550690990160100113e-05
9.999728978154457382e-01
1.016538785412461569e-09
1.594258114059776198e-06
4.437342591868191405e-31
1.000000000000000000e+00
3.081487911019581470e-33
6.933347799794069598e-33
